,realRelReleaseTimes
F1702_Zola,"{'kw_stat': 73.0786780339368, 'p_value': 5.077539538851171e-15, 'effect_size': 0.011584551070591446, 'dunn_result':               1             2             3         4             5
1  1.000000e+00  1.835803e-01  5.453801e-02  0.000052  2.099975e-10
2  1.835803e-01  1.000000e+00  1.835803e-01  0.000013  6.797007e-12
3  5.453801e-02  1.835803e-01  1.000000e+00  0.054538  7.578420e-07
4  5.182608e-05  1.336521e-05  5.453801e-02  1.000000  5.624339e-04
5  2.099975e-10  6.797007e-12  7.578420e-07  0.000562  1.000000e+00}"
F1803_Tina,"{'kw_stat': 45.048969179116845, 'p_value': 3.88383482918257e-09, 'effect_size': 0.008654642458173486, 'dunn_result':               1         2         3             4             5
1  1.000000e+00  0.038561  0.122311  6.407541e-01  1.262358e-07
2  3.856133e-02  1.000000  0.640754  4.695685e-02  8.816669e-05
3  1.223111e-01  0.640754  1.000000  2.616504e-01  8.816669e-05
4  6.407541e-01  0.046957  0.261650  1.000000e+00  9.693396e-09
5  1.262358e-07  0.000088  0.000088  9.693396e-09  1.000000e+00}"
F1815_Cruella,"{'kw_stat': 31.29387764927176, 'p_value': 2.6665835358654154e-06, 'effect_size': 0.00856412853758135, 'dunn_result':           1         2         3         4         5
1  1.000000  0.655576  0.475736  0.023750  0.000035
2  0.655576  1.000000  0.655576  0.035187  0.000030
3  0.475736  0.655576  1.000000  0.326836  0.000953
4  0.023750  0.035187  0.326836  1.000000  0.035187
5  0.000035  0.000030  0.000953  0.035187  1.000000}"
F2002_Macaroni,"{'kw_stat': 114.78989223964179, 'p_value': 6.919375079226215e-24, 'effect_size': 0.011551443253012385, 'dunn_result':               1             2             3             4             5
1  1.000000e+00  1.217850e-01  2.916849e-03  2.097839e-05  2.399095e-21
2  1.217850e-01  1.000000e+00  1.217850e-01  1.328539e-03  1.654306e-20
3  2.916849e-03  1.217850e-01  1.000000e+00  1.217850e-01  2.157571e-13
4  2.097839e-05  1.328539e-03  1.217850e-01  1.000000e+00  1.019851e-08
5  2.399095e-21  1.654306e-20  2.157571e-13  1.019851e-08  1.000000e+00}"
F2105_Clove,"{'kw_stat': 26.1820907236106, 'p_value': 2.907866404912193e-05, 'effect_size': 0.006988686428358727, 'dunn_result':           1         2         3         4         5
1  1.000000  0.000040  0.381417  0.348971  0.087920
2  0.000040  1.000000  0.002545  0.007672  0.348971
3  0.381417  0.002545  1.000000  0.770448  0.691037
4  0.348971  0.007672  0.770448  1.000000  0.691037
5  0.087920  0.348971  0.691037  0.691037  1.000000}"
